39940
58161
1082
31043
9696
24396
35759
53604
10255
2575
64884
24186
13586
30792
60928
47329
37496
28954
55307
30394
3907
6785
37290
52018
22505
5206
36413
26836
19111
15350
60775
1774
61649
40857
55638
12729
1475
28651
64254
48197
59274
9363
16525
8507
37174
13726
64754
56842
51374
44083
40351
49562
643
53511
8531
52763
934
39610
57028
39855
60288
27161
30680
45348
54924
39496
29865
32676
35647
28527
36014
12230
52735
50122
10906
14478
52876
16745
64679
28061
13959
2678
7697
22361
24413
64264
33450
59559
6799
33367
10806
4051
54212
50734
20889
58902
3378
63110
25382
63707
50767
35062
2327
2952
3911
26645
11259
57067
17117
57945
14028
50720
20862
31445
2539
48771
31820
23633
8478
11038
29542
35173
38406
27200
12444
29220
35712
4043
9403
5706
54867
22161
31319
35231
16330
12528
47964
37868
54887
33626
3943
18000
27451
25635
26024
2505
36527
33284
5792
44567
18704
63391
7754
61738
2310
9389
52913
28322
10215
38787
27544
49199
14417
31128
14904
13213
37442
18833
16913
65041
10303
21504
58932
26029
17896
21213
5805
26572
353
51685
43284
55949
45310
9477
19189
41131
56629
48264
59910
63190
57112
49879
41511
9830
36071
47012
39275
33350
7051
26247
23508
50363
17619
12696
33912
63394
4555
38356
58818
37058
38413
32020
5990
26997
57260
15046
54260
34915
16007
35580
62164
11593
24756
51678
62256
20135
8077
61835
61983
24363
62699
63705
55137
8657
6574
35833
25062
63367
10443
2936
15522
5234
42072
27682
12025
40369
61262
17879
61154
50927
46769
50670
51041
39348
37408
42573
45410
23331
65139
62089
16461
18469
6029
41697
52351
8213
28894
42905
5390
15141
41126
18634
32137
32757
63746
1283
31847
50133
11697
50827
33183
3780
26094
10754
58076
63435
18926
7065
22981
13430
49806
39039
37336
26215
23341
25256
46008
53596
61506
52234
60598
39443
46298
60926
38959
26662
46199
4056
63007
12730
6504
14202
40079
52447
26832
52636
313
55062
2116
30748
23357
5273
9378
17721
35745
38549
4542
38218
58134
34232
34255
56195
15923
9726
28051
62491
41920
38169
13908
62631
64509
30480
15348
44382
39376
36986
60165
40164
47108
35774
11340
36658
8957
29397
57161
6315
33703
57807
49177
21336
61402
33715
49373
54109
59587
62464
913
29595
64982
52874
38388
2597
11239
16111
24812
4088
24950
13240
26402
65221
33859
61538
9881
27744
60934
53430
24064
29754
45084
59336
29602
42556
30009
49531
39027
46485
36328
63217
33045
25620
28277
51533
10233
28020
35683
25192
43566
27633
21187
17758
37742
8944
52556
30953
10387
16240
57245
59382
47408
18166
60291
47575
13557
5784
49170
7958
7819
23377
65217
27322
8137
54482
53507
46533
37076
58085
34358
44060
254
56764
21092
13185
31660
30943
23711
5713
53472
412
56519
47483
32568
41698
36293
42760
6030
5031
57261
41363
41057
45153
24167
20645
58283
7807
49732
61264
58453
16316
16887
52423
25659
38265
32167
46903
18403
53208
51904
27525
21714
21413
44229
64828
51831
6964
55889
31023
26230
45990
39792
12094
46012
55231
31042
31920
62198
36289
54098
19648
21036
56561
50864
216
37763
29653
699
333
12330
40939
24852
54059
42697
5376
56970
29502
9302
27541
33586
41720
28139
19755
52637
19665
45365
47378
53605
46047
11023
1759
49559
37320
57212
37618
31862
59136
38749
49134
40419
10230
7539
64503
61621
46713
6564
13293
62262
38270
46416
59495
49451
57085
25096
27028
41737
23460
7047
30515
57325
23439
29288
8801
13258
33133
44383
48739
32254
1986
42596
30259
15285
21885
30545
44203
7763
46343
297
13988
19858
10986
16897
14341
32974
49106
57972
36956
16344
55523
29651
20392
2897
14789
18293
17075
31717
4477
19571
52708
16447
36364
59252
45129
16466
14330
40647
62603
41737
7581
53102
64878
26250
15178
29995
54530
9370
45343
39687
27526
18742
7611
64237
25391
53957
50821
3210
8901
56866
16125
40289
55505
3846
45249
37071
42473
62367
12798
38413
31980
567
14349
12101
15820
50852
58428
63171
55664
23570
59817
33145
50429
54291
8337
57254
59193
44687
36382
37070
23985
56562
925
48746
48897
56979
19791
58440
50886
37506
52300
21853
60411
13410
57339
39842
13976
17532
36639
53241
37665
36824
52844
12294
56563
14552
46897
23061
16495
9573
9345
22048
28506
2554
60457
34290
20878
62001
13123
34929
28011
34075
59527
19646
41918
50948
61622
62475
7462
2110
2056
40004
24807
25289
18088
56605
39238
19496
55810
13280
34354
38594
10640
5125
44557
56334
53242
2565
1172
55251
41173
48834
43810
14843
13541
37580
10771
61809
521
36348
50023
54305
62899
1898
22741
51218
33013
28679
3554
31891
26676
15755
61217
14914
56946
63373
48422
2597
10604
46310
43504
14506
28799
63168
44240
9826
24798
16513
47544
7847
62987
17237
63241
4574
12917
6283
14213
11856
43346
12949
56865
21846
60663
12476
42646
54273
52194
8257
63665
60249
36682
26260
46343
65219
30607
15918
14558
27510
37606
31233
31813
27695
55282
64963
6558
9518
34350
51755
6231
16293
4159
40900
63279
58897
58794
32647
35627
40427
63878
55820
23052
23518
53062
9052
34693
20381
38326
3632
50706
41089
40724
42085
60727
40437
35813
16169
29112
33599
16701
28478
30389
46805
17092
53099
9066
36738
2318
37049
22077
58911
13884
5156
21894
42749
10599
53080
18210
56262
62875
62844
43899
16932
32479
18561
58859
1824
53199
9995
46350
3891
14446
25901
63570
51551
37771
65253
63175
46401
3961
59683
44138
57925
61806
38133
12551
62992
11388
30468
48223
885
65135
40828
59724
18073
35271
8882
53921
59375
3373
29942
19358
15256
41456
37604
32880
42647
38127
46778
37935
54391
31747
49633
38679
14312
9572
27403
21420
50293
45967
42176
47693
20515
30332
47231
2752
22249
61196
57255
36994
49296
31720
2032
52175
28895
21316
13531
3102
35776
1040
3402
52200
32664
59072
35749
59120
47570
53911
6907
3693
55442
33879
17246
36683
49954
22201
12000
41212
11556
61535
1578
29854
6396
5661
23257
12178
14557
57394
30241
55166
60710
42210
34419
4848
48930
18412
57090
65386
55906
35842
2638
23997
16838
3750
36267
65228
31039
53085
20783
55026
38816
23956
36328
64496
15827
56568
32221
17030
44862
6838
22115
19458
13369
36671
4163
54117
